17 17 0 1 
 This is the result of pass-1
                                      
                  1                   
                1 1 1                 
              1 1 2 1 1               
            1 1 2 2 2 1 1             
          1 1 2 2 3 2 2 1 1           
        1 1 2 2 3 3 3 2 2 1 1         
        1 2 2 3 3 4 3 3 2 2 1         
        1 2 3 3 4 4 4 3 3 2 1         
        1 2 3 4 4 5 4 4 3 2 1         
        1 2 3 4 5 5 5 4 3 2 1         
        1 2 3 4 5 6 5 4 3 2 1         
        1 2 3 4 5 6 5 4 3 2 1         
          1 2 3 4 5 5 4 3 2           
            1 2 3 4 5 4 3             
              1 2 3 4 4               
                1 2 3                 
                  1                   
                                      
 This is the result of pass-2
                                      
                  1                   
                2 2 1                 
              2 2 3 2 1               
            2 2 3 3 3 2 1             
          2 2 3 3 4 3 3 2 1           
        1 2 3 3 4 4 4 3 3 2 1         
        1 2 3 4 4 5 4 4 3 2 1         
        1 2 3 4 5 5 5 4 3 2 1         
        1 2 3 4 4 5 4 4 3 2 1         
        1 2 3 3 4 4 4 3 3 2 1         
        1 2 2 3 3 4 3 3 2 2 1         
        1 1 2 2 3 3 3 2 2 1 1         
          1 1 2 2 3 2 2 1 1           
            1 1 2 2 2 1 1             
              1 1 2 1 1               
                1 1 1                 
                  1                   
                                      
